0.12403122929105684 0.1952670343753101 
0.2111972145980086 0.19557506597469865 
0.4327534307870752 0.20190300667689462 
0.3055463218836158 0.19287237221064288 
0.12020601708937843 0.19032608011170318 
0.12791781176182204 0.19247142102994408 
0.12219681378356687 0.19032608011170318 
0.12157137758376 0.20206843272508707 
0.20454704630311504 0.20265580873802938 
0.12596161947370343 0.19032608011170318 
0.29683181662089203 0.20141554095658754 
0.21176957737538998 0.19247142102994408 
0.3088369490560163 0.1952670343753101 
0.11948386608106883 0.19032608011170318 
0.29130664776040577 0.19349240110318697 
0.2078929020728994 0.19032608011170318 
0.30262029964052595 0.18915733869519222 
0.20515389021102864 0.19032608011170318 
0.11852465215041998 0.19032608011170318 
0.11777390491339088 0.19032608011170318 
0.12024665903796894 0.19032608011170318 
