0.12403122929105684 9.63682325175095 
0.2111972145980086 5.660941448732401 
0.4327534307870752 2.777339060006803 
0.3055463218836158 3.904063923456471 
0.12020601708937843 9.902383499044342 
0.12791781176182204 9.32216870040178 
0.12219681378356687 9.74105660578017 
0.12157137758376 9.887758587722576 
0.20454704630311504 5.8796048658450575 
0.12596161947370343 9.449910894168866 
0.29683181662089203 4.047462144164325 
0.21176957737538998 5.630985507026481 
0.3088369490560163 3.8702203153759127 
0.11948386608106883 9.962232719387208 
0.29130664776040577 4.097031119196469 
0.2078929020728994 5.725669651262578 
0.30262029964052595 3.9295359237558034 
0.20515389021102864 5.802113130232584 
0.11852465215041998 10.04285655781598 
0.11777390491339088 10.106874532071012 
0.12024665903796894 9.89903661053774 
