0.28834672208367 4.687822633417217 
0.2926556061349913 4.649665841031198 
0.1990361801623929 6.81497768013544 
0.28286651990313166 4.789519629723807 
0.19379238102644344 6.939573982002345 
0.2011774493114003 6.703871218405789 
0.3018895002457336 4.496867550018724 
0.28118548680300254 4.8181531880301955 
0.28129368122452425 4.81776172417273 
0.2872919575112761 4.701600948473526 
0.28855416787785976 4.665263788125167 
0.2818276452825982 4.808633763718414 
0.2771236041241205 4.895772809814559 
0.27958549233195606 4.8460502925016895 
0.1928039939263925 7.042320414413161 
0.27867211826446325 4.857743473533999 
0.27387895551662544 4.941489597152968 
0.30015765977828873 4.522813438608122 
0.2756520998744052 4.900004909389395 
0.19191888565489798 7.067710510706097 
0.19534658022874898 6.869773563673742 
