0.28834672208367 0.3517182900554926 
0.2926556061349913 0.3607507750321496 
0.1990361801623929 0.3564271253461239 
0.28286651990313166 0.35479474966770913 
0.19379238102644344 0.34483656528139184 
0.2011774493114003 0.3486677122309859 
0.3018895002457336 0.3575570973464088 
0.28118548680300254 0.35479474966770913 
0.28129368122452425 0.3552059306551582 
0.2872919575112761 0.3507321399238318 
0.28855416787785976 0.34618131031316957 
0.2818276452825982 0.3552059306551582 
0.2771236041241205 0.35673420602868317 
0.27958549233195606 0.3548853568945045 
0.1928039939263925 0.35778750240822477 
0.27867211826446325 0.35371766375509095 
0.27387895551662544 0.35337000956452513 
0.30015765977828873 0.3575570973464088 
0.2756520998744052 0.35069664266808126 
0.19191888565489798 0.3564271253461239 
0.19534658022874898 0.34198677260953125 
